0 1
1 11 0 0 0 0 -0.490985 0.256400 0.832582 832.342363 0.000511 1460.084678 -214.873782 876.608460 0.0
0 1
1 11 0 0 0 0 -0.716515 -0.671356 0.189440 111.985890 0.000511 -433.444269 -641.607293 2895.404218 0.0
0 1
1 11 0 0 0 0 -0.276253 -0.955549 -0.103005 199.993081 0.000511 1266.264389 -1859.434919 2463.711757 0.0
0 1
1 11 0 0 0 0 0.311238 0.052856 0.948861 381.160241 0.000511 2334.252817 1295.699366 748.571646 0.0
0 1
1 11 0 0 0 0 0.680441 -0.486524 0.547991 316.384528 0.000511 1069.252331 -1921.140517 1940.671433 0.0
0 1
1 11 0 0 0 0 0.655130 -0.188094 0.731727 442.828340 0.000511 857.996603 -1161.298197 3296.075378 0.0
0 1
1 11 0 0 0 0 0.959006 -0.233291 0.160881 207.258501 0.000511 -305.507953 750.574694 4834.743098 0.0
0 1
1 11 0 0 0 0 0.735316 0.520771 0.433714 266.672482 0.000511 1177.908129 1125.350062 2317.768440 0.0
0 1
1 11 0 0 0 0 0.553107 -0.682016 0.478463 160.860490 0.000511 1378.473481 164.405275 1506.697079 0.0
0 1
1 11 0 0 0 0 -0.553071 0.818138 -0.157362 171.258663 0.000511 675.017471 1311.308464 1711.141826 0.0
