0 1
1 22 0 0 0 0 0.427173 0.352605 0.832582 832.342363 0.000000 1935.714808 260.440687 1041.580195 0.0
0 1
1 22 0 0 0 0 -0.608626 -0.770511 0.189440 111.985890 0.000000 2187.821337 -1601.972677 54.763126 0.0
0 1
1 22 0 0 0 0 0.676409 -0.729288 -0.103005 199.993081 0.000000 2455.155972 -116.829359 1764.643926 0.0
0 1
1 22 0 0 0 0 -0.291916 -0.120200 0.948861 381.160241 0.000000 2425.898673 126.438050 3348.048900 0.0
0 1
1 22 0 0 0 0 -0.704139 0.451546 0.547991 316.384528 0.000000 374.262328 468.020357 1153.248627 0.0
0 1
1 22 0 0 0 0 0.554021 0.397034 0.731727 442.828340 0.000000 2940.688056 764.684950 4984.012891 0.0
0 1
1 22 0 0 0 0 -0.883455 -0.440029 0.160881 207.258501 0.000000 2293.404323 1012.320025 2273.736428 0.0
0 1
1 22 0 0 0 0 0.272676 0.858801 0.433714 266.672482 0.000000 1461.512120 -1752.984740 2843.008035 0.0
0 1
1 22 0 0 0 0 0.853138 0.207914 0.478463 160.860490 0.000000 1451.434780 1529.447382 2632.212970 0.0
0 1
1 22 0 0 0 0 0.751124 -0.641132 -0.157362 171.258663 0.000000 -410.474052 475.366582 2421.650110 0.0
